111111111111111100000000
000111100001111011100000
011101110111011110000111
111011111110111100001111
000000000000000011111111
111111111111111100000000
000011110000111111101111
100001011000010101111001
111011101110111000010000
000000000000000011111111
000100010001000111101101
101110101011101001000100
100001001000010001111010
001110110011101111000011
111111101111111000000000
000000000000000011111110
110000111100001100111011
011110110111101110000011
001110110011101111000011
111011011110110100010001
011110000111100010000110
100000111000001101111011
011111110111111101111111
011110110111101110000011
100001111000011101110111
011101110111011110000111
100000111000001101111011
011111110111111101111111
011110110111101110000011
100001101000011001111000
111011101110111000010000
010001000100010010111010
011110100111101010000100
110001001100010000111010
000000000000000011111111
111111111111111100000000
001110100011101011000100
100000111000001101111011
110000111100001100111011
000011110000111111101111
000000000000000011111111
111011101110111000010000
100010001000100001110110
000000000000000011111111
111111111111111100000000
000000000000000011111111
111111111111111100000000
011101110111011110000111
000000000000000011111111
111111111111111100000000
111111111111111100000000
000100000001000011101110
011101100111011010001000
111111111111111100000000
000000000000000011111111
111111111111111100000000
000000000000000011111111
100001111000011101110111
111111111111111100000000
000000000000000011111111
000100000001000011101110
101110101011101001000100
100001001000010001111010
001110100011101011000100
111111111111111100000000
000000000000000011111111
110001001100010000111010
011110110111101110000011
001110110011101111000011
111011111110111100001111
100001111000011101110111
011110110111101110000011
011111110111111101111111
100001001000010001111010
011101100111011010001000
100010001000100001110110
011110100111101010000100
011111110111111101111111
100001001000010001111010
011101110111011110000111
111000001110000000011110
010011000100110010110010
011110110111101110000011
101110111011101101000011
000100000001000011101110
111011101110111000010000
010000110100001110111011
100000111000001101111011
101110101011101001000100
000111100001111011100000
000000000000000011111111
110111111101111100011111
100001111000011101110111
000011110000111111101111
111111111111111100000000
000000000000000011111111
111011111110111100001111
011110010111100110000101
000100000001000011101110
111111111111111100000000
111111111111111100000000
000111100001111011100000
011101110111011110000111
111011111110111100001111
000000000000000011111111
111111111111111100000000
000011110000111111101111
100001011000010101111001
111011101110111000010000
000000000000000011111111
000100010001000111101101
101110101011101001000100
100001001000010001111010
001110110011101111000011
111111101111111000000000
000000000000000011111110
110000111100001100111011
011110110111101110000011
001110110011101111000011
111011011110110100010001
011110000111100010000110
100000111000001101111011
011111110111111101111111
011110110111101110000011
100001111000011101110111
011101110111011110000111
100000111000001101111011
011111110111111101111111
011110110111101110000011
100001101000011001111000
111011101110111000010000
010001000100010010111010
011110100111101010000100
110001001100010000111010
000000000000000011111111
111111111111111100000000
001110100011101011000100
100000111000001101111011
110000111100001100111011
000011110000111111101111
000000000000000011111111
111011101110111000010000
100010001000100001110110
000000000000000011111111
111111111111111100000000
000000000000000011111111
111111111111111100000000
011101110111011110000111
000000000000000011111111
111111111111111100000000
111111111111111100000000
000100000001000011101110
011101100111011010001000
111111111111111100000000
000000000000000011111111
111111111111111100000000
000000000000000011111111
100001111000011101110111
111111111111111100000000
000000000000000011111111
000100000001000011101110
101110101011101001000100
100001001000010001111010
001110100011101011000100
111111111111111100000000
000000000000000011111111
110001001100010000111010
011110110111101110000011
001110110011101111000011
111011111110111100001111
100001111000011101110111
011110110111101110000011
011111110111111101111111
100001001000010001111010
011101100111011010001000
100010001000100001110110
011110100111101010000100
011111110111111101111111
100001001000010001111010
011101110111011110000111
111000001110000000011110
010011000100110010110010
011110110111101110000011
101110111011101101000011
000100000001000011101110
111011101110111000010000
010000110100001110111011
100000111000001101111011
101110101011101001000100
000111100001111011100000
000000000000000011111111
110111111101111100011111
100001111000011101110111
000011110000111111101111
111111111111111100000000
000000000000000011111111
111011111110111100001111
011110010111100110000101
000100000001000011101110
111111111111111100000000
111111111111111100000000
000111100001111011100000
011101110111011110000111
111011111110111100001111
000000000000000011111111
111111111111111100000000
000011110000111111101111
100001011000010101111001
111011101110111000010000
000000000000000011111111
000100010001000111101101
101110101011101001000100
100001001000010001111010
001110110011101111000011
111111101111111000000000
000000000000000011111110
110000111100001100111011
011110110111101110000011
001110110011101111000011
111011011110110100010001
011110000111100010000110
100000111000001101111011
011111110111111101111111
011110110111101110000011
100001111000011101110111
011101110111011110000111
100000111000001101111011
011111110111111101111111
011110110111101110000011
100001101000011001111000
111011101110111000010000
010001000100010010111010
011110100111101010000100
110001001100010000111010
000000000000000011111111
111111111111111100000000
001110100011101011000100
100000111000001101111011
110000111100001100111011
000011110000111111101111
000000000000000011111111
111011101110111000010000
100010001000100001110110
000000000000000011111111
111111111111111100000000
000000000000000011111111
111111111111111100000000
011101110111011110000111
000000000000000011111111
111111111111111100000000
111111111111111100000000
000100000001000011101110
011101100111011010001000
111111111111111100000000
000000000000000011111111
111111111111111100000000
000000000000000011111111
100001111000011101110111
111111111111111100000000
000000000000000011111111
000100000001000011101110
101110101011101001000100
100001001000010001111010
001110100011101011000100
111111111111111100000000
000000000000000011111111
110001001100010000111010
011110110111101110000011
001110110011101111000011
111011111110111100001111
100001111000011101110111
011110110111101110000011
011111110111111101111111
100001001000010001111010
011101100111011010001000
100010001000100001110110
011110100111101010000100
011111110111111101111111
100001001000010001111010
011101110111011110000111
111000001110000000011110
010011000100110010110010
011110110111101110000011
101110111011101101000011
000100000001000011101110
111011101110111000010000
010000110100001110111011
100000111000001101111011
101110101011101001000100
000111100001111011100000
000000000000000011111111
110111111101111100011111
100001111000011101110111
000011110000111111101111
111111111111111100000000
000000000000000011111111
111011111110111100001111
011110010111100110000101
000100000001000011101110
111111111111111100000000
111111111111111100000000
000111100001111011100000
011101110111011110000111
111011111110111100001111
000000000000000011111111
111111111111111100000000
000011110000111111101111
100001011000010101111001
111011101110111000010000
000000000000000011111111
000100010001000111101101
101110101011101001000100
100001001000010001111010
001110110011101111000011
111111101111111000000000
000000000000000011111110
110000111100001100111011
011110110111101110000011
001110110011101111000011
111011011110110100010001
011110000111100010000110
100000111000001101111011
011111110111111101111111
011110110111101110000011
100001111000011101110111
011101110111011110000111
100000111000001101111011
011111110111111101111111
011110110111101110000011
100001101000011001111000
111011101110111000010000
010001000100010010111010
011110100111101010000100
110001001100010000111010
000000000000000011111111
111111111111111100000000
001110100011101011000100
100000111000001101111011
110000111100001100111011
000011110000111111101111
000000000000000011111111
111011101110111000010000
100010001000100001110110
000000000000000011111111
111111111111111100000000
000000000000000011111111
111111111111111100000000
011101110111011110000111
000000000000000011111111
111111111111111100000000
111111111111111100000000
000100000001000011101110
011101100111011010001000
111111111111111100000000
000000000000000011111111
111111111111111100000000
000000000000000011111111
100001111000011101110111
111111111111111100000000
000000000000000011111111
000100000001000011101110
101110101011101001000100
100001001000010001111010
001110100011101011000100
111111111111111100000000
000000000000000011111111
110001001100010000111010
011110110111101110000011
001110110011101111000011
111011111110111100001111
100001111000011101110111
011110110111101110000011
011111110111111101111111
100001001000010001111010
011101100111011010001000
100010001000100001110110
011110100111101010000100
011111110111111101111111
100001001000010001111010
011101110111011110000111
111000001110000000011110
010011000100110010110010
011110110111101110000011
101110111011101101000011
000100000001000011101110
111011101110111000010000
010000110100001110111011
100000111000001101111011
101110101011101001000100
000111100001111011100000
000000000000000011111111
110111111101111100011111
100001111000011101110111
000011110000111111101111
111111111111111100000000
000000000000000011111111
111011111110111100001111
011110010111100110000101
000100000001000011101110
111111111111111100000000