00000000000000000000000000000000
00000000000000000000000000000000
00000000000000000000000000000000
00000000000000000000000000000000
00000000000000000000000000000000
00000000000000000000000000000000
00000000000000000000000000000000
00000000000000000000000000000000
00000000000000000000000000000000
00000000000000000000000000000000
00000000000000000000000000000000
00000000000000000000000000000000
00000000000000000000000000000000
00000000000000000000000000000000
00000000000000000000000000000000
00000000000000000000000000000000
00000000000000000000000000000000
00000000000000000000000000000000
00000000000000000000000000000000
00000000000000000000000000000000
00000000111111111111111100000000
00000000000111100001111011100000
00000000011101110111011110000111
00000000111011111110111100001111
00000000000000000000000011111111
00000000111111111111111100000000
00000000000011110000111111101111
00000000100001011000010101111001
00000000111011101110111000010000
00000000000000000000000011111111
00000000000100010001000111101101
00000000101110101011101001000100
00000000100001001000010001111010
00000000001110110011101111000011
00000000111111101111111000000000
00000000000000000000000011111110
00000000110000111100001100111011
00000000011110110111101110000011
00000000001110110011101111000011
00000000111011011110110100010001
00000000011110000111100010000110
00000000100000111000001101111011
00000000011111110111111101111111
00000000011110110111101110000011
00000000100001111000011101110111
00000000011101110111011110000111
00000000100000111000001101111011
00000000011111110111111101111111
00000000011110110111101110000011
00000000100001101000011001111000
00000000111011101110111000010000
00000000010001000100010010111010
00000000011110100111101010000100
00000000110001001100010000111010
00000000000000000000000011111111
00000000111111111111111100000000
00000000001110100011101011000100
00000000100000111000001101111011
00000000110000111100001100111011
00000000000011110000111111101111
00000000000000000000000011111111
00000000111011101110111000010000
00000000100010001000100001110110
00000000000000000000000011111111
00000000111111111111111100000000
00000000000000000000000011111111
00000000111111111111111100000000
00000000011101110111011110000111
00000000000000000000000011111111
00000000111111111111111100000000
00000000111111111111111100000000
00000000000100000001000011101110
00000000011101100111011010001000
00000000111111111111111100000000
00000000000000000000000011111111
00000000111111111111111100000000
00000000000000000000000011111111
00000000100001111000011101110111
00000000111111111111111100000000
00000000000000000000000011111111
00000000000100000001000011101110
00000000101110101011101001000100
00000000100001001000010001111010
00000000001110100011101011000100
00000000111111111111111100000000
00000000000000000000000011111111
00000000110001001100010000111010
00000000011110110111101110000011
00000000001110110011101111000011
00000000111011111110111100001111
00000000100001111000011101110111
00000000011110110111101110000011
00000000011111110111111101111111
00000000100001001000010001111010
00000000011101100111011010001000
00000000100010001000100001110110
00000000011110100111101010000100
00000000011111110111111101111111
00000000100001001000010001111010
00000000011101110111011110000111
00000000111000001110000000011110
00000000010011000100110010110010
00000000011110110111101110000011
00000000101110111011101101000011
00000000000100000001000011101110
00000000111011101110111000010000
00000000010000110100001110111011
00000000100000111000001101111011
00000000101110101011101001000100
00000000000111100001111011100000
00000000000000000000000011111111
00000000110111111101111100011111
00000000100001111000011101110111
00000000000011110000111111101111
00000000111111111111111100000000
00000000000000000000000011111111
00000000111011111110111100001111
00000000011110010111100110000101
00000000000100000001000011101110
00000000111111111111111100000000
00000000000000000000000000000000
00000000000000000000000000000000
00000000000000000000000000000000
00000000000000000000000000000000
00000000000000000000000000000000
00000000000000000000000000000000
00000000000000000000000000000000
00000000000000000000000000000000
00000000000000000000000000000000
00000000000000000000000000000000
00000000000000000000000000000000
00000000000000000000000000000000
00000000000000000000000000000000
00000000000000000000000000000000
00000000000000000000000000000000
00000000000000000000000000000000
00000000000000000000000000000000
00000000000000000000000000000000
00000000000000000000000000000000
00000000000000000000000000000000
00000000111111111111111100000000
00000000000111100001111011100000
00000000011101110111011110000111
00000000111011111110111100001111
00000000000000000000000011111111
00000000111111111111111100000000
00000000000011110000111111101111
00000000100001011000010101111001
00000000111011101110111000010000
00000000000000000000000011111111
00000000000100010001000111101101
00000000101110101011101001000100
00000000100001001000010001111010
00000000001110110011101111000011
00000000111111101111111000000000
00000000000000000000000011111110
00000000110000111100001100111011
00000000011110110111101110000011
00000000001110110011101111000011
00000000111011011110110100010001
00000000011110000111100010000110
00000000100000111000001101111011
00000000011111110111111101111111
00000000011110110111101110000011
00000000100001111000011101110111
00000000011101110111011110000111
00000000100000111000001101111011
00000000011111110111111101111111
00000000011110110111101110000011
00000000100001101000011001111000
00000000111011101110111000010000
00000000010001000100010010111010
00000000011110100111101010000100
00000000110001001100010000111010
00000000000000000000000011111111
00000000111111111111111100000000
00000000001110100011101011000100
00000000100000111000001101111011
00000000110000111100001100111011
00000000000011110000111111101111
00000000000000000000000011111111
00000000111011101110111000010000
00000000100010001000100001110110
00000000000000000000000011111111
00000000111111111111111100000000
00000000000000000000000011111111
00000000111111111111111100000000
00000000011101110111011110000111
00000000000000000000000011111111
00000000111111111111111100000000
00000000111111111111111100000000
00000000000100000001000011101110
00000000011101100111011010001000
00000000111111111111111100000000
00000000000000000000000011111111
00000000111111111111111100000000
00000000000000000000000011111111
00000000100001111000011101110111
00000000111111111111111100000000
00000000000000000000000011111111
00000000000100000001000011101110
00000000101110101011101001000100
00000000100001001000010001111010
00000000001110100011101011000100
00000000111111111111111100000000
00000000000000000000000011111111
00000000110001001100010000111010
00000000011110110111101110000011
00000000001110110011101111000011
00000000111011111110111100001111
00000000100001111000011101110111
00000000011110110111101110000011
00000000011111110111111101111111
00000000100001001000010001111010
00000000011101100111011010001000
00000000100010001000100001110110
00000000011110100111101010000100
00000000011111110111111101111111
00000000100001001000010001111010
00000000011101110111011110000111
00000000111000001110000000011110
00000000010011000100110010110010
00000000011110110111101110000011
00000000101110111011101101000011
00000000000100000001000011101110
00000000111011101110111000010000
00000000010000110100001110111011
00000000100000111000001101111011
00000000101110101011101001000100
00000000000111100001111011100000
00000000000000000000000011111111
00000000110111111101111100011111
00000000100001111000011101110111
00000000000011110000111111101111
00000000111111111111111100000000
00000000000000000000000011111111
00000000111011111110111100001111
00000000011110010111100110000101
00000000000100000001000011101110
00000000111111111111111100000000
00000000000000000000000000000000
00000000000000000000000000000000
00000000000000000000000000000000
00000000000000000000000000000000
00000000000000000000000000000000
00000000000000000000000000000000
00000000000000000000000000000000
00000000000000000000000000000000
00000000000000000000000000000000
00000000000000000000000000000000
00000000000000000000000000000000
00000000000000000000000000000000
00000000000000000000000000000000
00000000000000000000000000000000
00000000000000000000000000000000
00000000000000000000000000000000
00000000000000000000000000000000
00000000000000000000000000000000
00000000000000000000000000000000
00000000000000000000000000000000
00000000000000000000000000000000
00000000000000000000000000000000
00000000000000000000000000000000
00000000000000000000000000000000
00000000000000000000000000000000
00000000000000000000000000000000
00000000000000000000000000000000
00000000000000000000000000000000
00000000000000000000000000000000
00000000000000000000000000000000
00000000000000000000000000000000
00000000000000000000000000000000
00000000000000000000000000000000
00000000000000000000000000000000
00000000000000000000000000000000
00000000000000000000000000000000
00000000000000000000000000000000
00000000000000000000000000000000
00000000000000000000000000000000
00000000000000000000000000000000
00000000000000000000000000000000
00000000000000000000000000000000
00000000000000000000000000000000
00000000000000000000000000000000
00000000000000000000000000000000
00000000000000000000000000000000
00000000000000000000000000000000
00000000000000000000000000000000
00000000000000000000000000000000
00000000000000000000000000000000
00000000000000000000000000000000
00000000000000000000000000000000
00000000000000000000000000000000
00000000000000000000000000000000
00000000000000000000000000000000
00000000000000000000000000000000
00000000000000000000000000000000
00000000000000000000000000000000
00000000000000000000000000000000
00000000000000000000000000000000
00000000000000000000000000000000
00000000000000000000000000000000
00000000000000000000000000000000
00000000000000000000000000000000
00000000000000000000000000000000
00000000000000000000000000000000
00000000000000000000000000000000
00000000000000000000000000000000
00000000000000000000000000000000
00000000000000000000000000000000
00000000000000000000000000000000
00000000000000000000000000000000
00000000000000000000000000000000
00000000000000000000000000000000
00000000000000000000000000000000
00000000000000000000000000000000
00000000000000000000000000000000
00000000000000000000000000000000
00000000000000000000000000000000
00000000000000000000000000000000
00000000000000000000000000000000
00000000000000000000000000000000
00000000000000000000000000000000
00000000000000000000000000000000
00000000000000000000000000000000
00000000000000000000000000000000
00000000000000000000000000000000
00000000000000000000000000000000
00000000000000000000000000000000
00000000000000000000000000000000
00000000000000000000000000000000
00000000000000000000000000000000
00000000000000000000000000000000
00000000000000000000000000000000
00000000000000000000000000000000
00000000000000000000000000000000
00000000000000000000000000000000
00000000000000000000000000000000
00000000000000000000000000000000
00000000000000000000000000000000
00000000000000000000000000000000
00000000000000000000000000000000
00000000000000000000000000000000
00000000000000000000000000000000
00000000000000000000000000000000
00000000000000000000000000000000
00000000000000000000000000000000
00000000000000000000000000000000
00000000000000000000000000000000
00000000000000000000000000000000
00000000000000000000000000000000
00000000000000000000000000000000
00000000000000000000000000000000
00000000000000000000000000000000
00000000000000000000000000000000
00000000000000000000000000000000
00000000000000000000000000000000
00000000000000000000000000000000
00000000000000000000000000000000
00000000000000000000000000000000
00000000000000000000000000000000
00000000000000000000000000000000
00000000000000000000000000000000
00000000000000000000000000000000
00000000000000000000000000000000
00000000000000000000000000000000
00000000000000000000000000000000
00000000000000000000000000000000
00000000000000000000000000000000
00000000000000000000000000000000
00000000000000000000000000000000
00000000000000000000000000000000
00000000000000000000000000000000
00000000000000000000000000000000
00000000000000000000000000000000
00000000000000000000000000000000
00000000000000000000000000000000
00000000000000000000000000000000
00000000000000000000000000000000
00000000000000000000000000000000
00000000111111111111111100000000
00000000000111100001111011100000
00000000011101110111011110000111
00000000111011111110111100001111
00000000000000000000000011111111
00000000111111111111111100000000
00000000000011110000111111101111
00000000100001011000010101111001
00000000111011101110111000010000
00000000000000000000000011111111
00000000000100010001000111101101
00000000101110101011101001000100
00000000100001001000010001111010
00000000001110110011101111000011
00000000111111101111111000000000
00000000000000000000000011111110
00000000110000111100001100111011
00000000011110110111101110000011
00000000001110110011101111000011
00000000111011011110110100010001
00000000011110000111100010000110
00000000100000111000001101111011
00000000011111110111111101111111
00000000011110110111101110000011
00000000100001111000011101110111
00000000011101110111011110000111
00000000100000111000001101111011
00000000011111110111111101111111
00000000011110110111101110000011
00000000100001101000011001111000
00000000111011101110111000010000
00000000010001000100010010111010
00000000011110100111101010000100
00000000110001001100010000111010
00000000000000000000000011111111
00000000111111111111111100000000
00000000001110100011101011000100
00000000100000111000001101111011
00000000110000111100001100111011
00000000000011110000111111101111
00000000000000000000000011111111
00000000111011101110111000010000
00000000100010001000100001110110
00000000000000000000000011111111
00000000111111111111111100000000
00000000000000000000000011111111
00000000111111111111111100000000
00000000011101110111011110000111
00000000000000000000000011111111
00000000111111111111111100000000
00000000111111111111111100000000
00000000000100000001000011101110
00000000011101100111011010001000
00000000111111111111111100000000
00000000000000000000000011111111
00000000111111111111111100000000
00000000000000000000000011111111
00000000100001111000011101110111
00000000111111111111111100000000
00000000000000000000000011111111
00000000000100000001000011101110
00000000101110101011101001000100
00000000100001001000010001111010
00000000001110100011101011000100
00000000111111111111111100000000
00000000000000000000000011111111
00000000110001001100010000111010
00000000011110110111101110000011
00000000001110110011101111000011
00000000111011111110111100001111
00000000100001111000011101110111
00000000011110110111101110000011
00000000011111110111111101111111
00000000100001001000010001111010
00000000011101100111011010001000
00000000100010001000100001110110
00000000011110100111101010000100
00000000011111110111111101111111
00000000100001001000010001111010
00000000011101110111011110000111
00000000111000001110000000011110
00000000010011000100110010110010
00000000011110110111101110000011
00000000101110111011101101000011
00000000000100000001000011101110
00000000111011101110111000010000
00000000010000110100001110111011
00000000100000111000001101111011
00000000101110101011101001000100
00000000000111100001111011100000
00000000000000000000000011111111
00000000110111111101111100011111
00000000100001111000011101110111
00000000000011110000111111101111
00000000111111111111111100000000
00000000000000000000000011111111
00000000111011111110111100001111
00000000011110010111100110000101
00000000000100000001000011101110
00000000111111111111111100000000
00000000000000000000000000000000
00000000000000000000000000000000
00000000000000000000000000000000
00000000000000000000000000000000
00000000000000000000000000000000
00000000000000000000000000000000
00000000000000000000000000000000
00000000000000000000000000000000
00000000000000000000000000000000
00000000000000000000000000000000
00000000000000000000000000000000
00000000000000000000000000000000
00000000000000000000000000000000
00000000000000000000000000000000
00000000000000000000000000000000
00000000000000000000000000000000
00000000000000000000000000000000
00000000000000000000000000000000
00000000000000000000000000000000
